102.59142264341595
114.93476410555685
111.61093136427094
110.21796586763884
110.64357188738983
109.48972554536796
110.3177229641729
110.47624178980746
110.3177229641729
110.3177229641729
111.30588483993108
110.47624178980746
111.46299834474219
110.3177229641729
110.3177229641729
110.3177229641729
110.8873302050329
114.15778554264269
123.00406497347964
134.00373129133382
144.0
142.01408380861386
141.0319112825179
134.05968819895114
115.00434774390054
100.17983829094555
101.1236866416568
108.07404868885037
108.07404868885037
108.11567878897121
108.07404868885037
107.00467279516349
107.11675872616759
107.29864864013899
106.47065323364932
106.47065323364932
