147.2175261305528
147.12239802287073
148.16544806398016
148.16544806398016
147.16657229140046
148.21605850919124
147.16657229140046
148.16544806398016
146.12323566086263
148.21605850919124
146.21901381147393
146.21901381147393
145.2205219657332
146.16771189288008
141.1736519326464
118.06777714516353
97.25224933131366
86.57944328765345
102.48902380255166
128.00390619039717
113.13708498984761
111.64676439557037
None
None
None
None
None
None
None
None
117.15374513859982
113.28283188550682
115.43396380615195
141.59802258506295
147.57371039585607
None
None
None
None
None
None
145.0
137.09121051329294
141.00354605470034
138.0
117.51595636338071
115.0173899895142
119.03780911962384
121.0
120.00416659433121
123.01625908797584
120.03749414245534
