164.19500601419034
165.19382555047267
164.43843832875572
164.43843832875572
166.43316977093238
165.36626016210198
168.2973558912914
168.24089871371942
169.1892431568863
168.2973558912914
164.30459518832697
169.29559947027565
170.49633427144408
166.43316977093238
187.09623192357455
223.0807028857494
201.20139164528658
199.12307751739877
203.37649815059754
228.84929538890873
208.90428430264421
203.38387350033435
None
None
None
None
None
None
None
206.6204249342257
214.1494805036893
202.00990074746338
223.0807028857494
230.0347799790284
218.00917411888886
None
None
None
None
None
None
214.11445537375565
211.0852908186641
217.18655575334307
239.35329536064467
228.26519664635694
221.7746604100658
215.45533179756774
215.14878572745886
215.14878572745886
216.08331726442927
212.00943375236866
