176.10224302944013
169.04733065032408
167.01197561851666
162.01234520862909
174.04597093871493
178.2806775845324
179.17868176767013
176.1817243643619
174.28711943227475
175.55910685578235
176.72577627499618
175.03428235634297
176.91806012954132
169.1862878604528
165.74679484080528
173.80736463107655
181.46349495146399
191.84629264074925
200.63897926375125
204.35263639111682
206.24257562394823
206.24257562394823
206.24257562394823
204.24495097798624
199.25109786397664
190.3785702225962
162.00308639035245
165.74679484080528
165.74679484080528
170.42593699317015
171.41761869772895
168.19334112859522
171.1724276862369
172.16561793807728
171.05846953600397
172.28464818433474
171.1724276862369
172.28464818433474
173.27723451163456
172.40939649566667
171.5488268686207
