0.2973908278976737
0.3139494999344957
0.2971067294190027
0.3015132871695516
0.2973908278976737
0.30558454144374914
0.31471616881682146
0.2992661315893219
0.30318256155171275
0.29534666980527513
0.29396960542869033
0.3013496382034788
0.26197605558153114
0.26712238193994836
0.26413336371468576
0.26977769295013865
0.25437948107837866
0.2748821676603305
0.2691734241196646
0.2764686377116222
0.2893698835368981
None
None
None
None
None
None
None
None
0.33364834039713376
0.29458214222334667
0.25062006231321554
0.300583847866811
0.3312158376531883
None
None
None
None
None
None
0.27376789500393217
0.21014943214564374
0.21448555327587426
0.2921829704052915
0.31238927034018027
0.22872758386549058
0.23711671226707745
0.24678060382903527
0.29716996565831566
0.28479837699949156
0.29159747228049737
0.2972059230225066
